   0.09456090061828
   0.96142591813816
   0.0
   0.08706049961705
   
   0.29218709401833
   0.0
   0.95
   0.0

  -1.65222236238560
  -0.69366527964419
   0.0
   1.14737722757602

  -0.09158947512202
   0.39018615545144
   0.0
   0.91709530531352


=== using results from Fluctuation ===

   0.11633707361292
   0.95673392881152
  -0.00177044149556
   0.09965614693875

   0.20605888547209
  -0.04847912317747
   0.98508002660664
   0.16124159469045

  -1.30821128416417
  -0.71514790724333
  -0.04966937876117
   1.35348335917330

  -0.28512292266218
   0.40225390000287
   0.02795046711071
   0.80116963735583